11111110001000110001101111111
10000010000001010110101000001
10111010010010100110101011101
10111010001010100010001011101
10111010001001110110001011101
10000010111101010001001000001
11111110101010101010101111111
00000000000100010111100000000
10010110111101111001010100000
11100100111010011000101001001
01111110011011001111110011110
01111001110011001011100010110
11110011010010111001111001011
11010001110111000110110000000
00000011100101100100101111111
10100101001100001100111001010
00011111101011000100100100010
11101000100111111100111101001
01011111100010100100010110011
11101001111000100110110110011
01110110011100011001111110100
00000000110000100111100010111
11111110000110001010101010010
10000010110010100000100011101
10111010001100011110111110011
10111010111010000111101111110
10111010011001000101100011101
10000010011110110101110010010
11111110100101110100111111010